" Coordinates of scute-suture intersections from carapaces of two
" male and two female yellow-bellied slider turtles, Trachemys scripta
" scripta from natural populations in South Carolina.
1 4L 222 0 DIM=3
MALE1
MALE2
FEMALE1
FEMALE2
  -15.1618    7.2395    4.2003
  -13.9692    7.3372    4.6420
  -15.0553    9.2342    3.8723
  -13.9395    9.2187    3.9265
  -14.5034   10.8708    2.7833
  -13.5895   10.5437    3.2825
  -13.2290   12.1381    1.7374
  -12.3573   11.8753    2.8461
  -10.9367   12.9670    2.5110
  -10.9989   12.4236    3.1948
   -9.0277   13.1522    1.9503
   -8.8489   12.7116    2.7138
   -6.8331   13.1526    1.6022
   -6.8241   12.7236    3.0171
   -4.5853   13.1804    1.7844
   -4.7764   12.3211    2.7725
   -2.4794   12.7245    1.7798
   -3.1987   11.6480    3.1014
   -1.1144   11.5113    2.6321
   -1.9611   10.7326    3.1286
   -0.1267   10.0939    2.5359
   -1.0700    9.5654    3.3543
    0.5341    8.5969    2.4014
   -0.3237    8.2010    3.2980
    0.8807    6.7997    2.2689
    0.1554    6.8138    3.1495
    0.4624    4.8568    2.3648
   -0.1572    5.4373    3.0162
   -0.3592    3.4309    2.5845
   -1.1096    4.0537    3.2051
   -1.3391    2.1202    2.9729
   -2.1085    3.1168    3.2641
   -2.6059    0.9464    2.2850
   -3.4101    2.2586    3.9331
   -4.7829    0.4604    2.1303
   -5.0332    1.4562    3.4223
   -7.1708    0.4379    2.5838
   -6.8868    1.1026    3.1747
   -9.2881    0.6481    2.6394
   -9.0268    1.1698    3.9105
  -11.2345    1.0492    2.8479
  -11.2444    1.6094    3.4846
  -13.1676    1.7775    3.2049
  -12.5320    2.2671    3.7665
  -14.8371    3.1486    3.2527
  -13.6786    3.6531    4.0030
  -15.4134    4.9614    3.6478
  -13.9379    5.1020    4.4850
  -15.1535    6.7795    4.0696
  -13.9530    6.8024    4.5522
  -13.6825    8.1424    4.5447
  -10.1539   12.4448    3.1769
   -5.8207   12.4183    2.9999
   -2.8532   11.2435    4.4700
   -0.9785    8.9822    3.2333
   -1.0899    4.4485    3.5119
   -2.9125    2.7358    3.9710
   -5.9595    1.1618    3.2995
  -10.4224    1.5238    3.6292
  -13.7423    6.0766    4.8637
  -11.4423    8.3880    6.4122
   -9.7245    8.9784    6.1761
   -8.1134    8.2841    6.7580
   -6.4195    8.9644    6.2273
   -4.8905    8.1815    6.0639
   -3.6160    8.6282    5.9654
   -2.1760    7.5783    5.2790
   -2.1609    6.3262    5.1777
   -3.5880    5.1860    5.8579
   -4.8906    5.8406    6.4372
   -6.4371    5.2946    6.5091
   -8.1535    5.9521    6.9102
   -9.7820    5.2333    6.7491
  -11.4528    5.8302    6.2096

  -11.6298    9.9628    6.1381
  -10.7440    9.2245    6.4481
  -10.5354   11.6585    5.5196
   -9.3686   10.7917    5.9433
   -8.5497   12.8383    4.8629
   -8.0460   11.8458    5.0419
   -6.0307   12.9894    4.3151
   -5.7914   12.1105    5.2267
   -3.6893   12.2302    4.6156
   -3.9693   11.5481    5.6917
   -1.5780   11.1051    4.5120
   -1.8712   10.4249    5.8769
    0.6849    9.4481    3.4558
    0.1908    8.8649    5.3481
    2.2417    7.7390    4.0557
    1.3727    6.9902    5.6101
    3.7013    5.3786    4.4611
    2.2423    5.2458    5.8890
    3.7575    3.1415    4.5730
    2.5133    3.2853    5.5630
    3.4561    1.1250    4.0690
    2.2716    0.9178    5.4647
    3.1228   -0.4609    4.0316
    2.1535   -0.4328    5.1560
    0.6756   -3.6454    2.8256
    1.0129   -2.4940    4.1047
   -0.9959   -4.4892    3.5622
   -0.7778   -3.6857    4.2095
   -2.4995   -4.9162    4.0623
   -2.2035   -3.9198    5.1668
   -4.6247   -5.4616    4.0571
   -4.5926   -4.3266    5.0787
   -6.6787   -5.5313    4.4271
   -6.3779   -4.1333    5.4013
   -9.2269   -4.2622    4.4204
   -8.5112   -3.4345    5.2834
  -10.8725   -2.6738    4.2080
  -10.3164   -2.2653    5.9713
  -12.7662   -0.7869    4.0221
  -11.8958   -0.5739    5.9137
  -13.9499    1.2804    4.8144
  -13.3038    1.7104    6.2308
  -14.6635    3.5366    4.9216
  -13.8342    3.4393    5.9876
  -14.8002    5.9942    4.8013
  -13.6645    5.4780    5.3092
  -13.7480    7.9139    5.7568
  -12.9154    6.8521    5.9898
  -12.0788    9.4191    6.3007
  -11.2209    8.7575    6.4554
  -10.2402    9.4652    6.3612
   -3.3831   11.0120    5.8834
    0.4835    8.0499    5.6959
    2.1550    4.2495    5.8298
    2.2272    0.8574    5.5284
   -2.1664   -3.8936    4.9970
   -5.4356   -3.9804    5.8925
   -9.3582   -2.6544    6.1037
  -12.7260    1.0964    6.3368
  -11.5883    7.9274    6.4354
   -8.1622    7.8553    8.1324
   -6.2045    7.1532    8.2921
   -5.2932    5.4548    8.5586
   -3.2528    4.4541    8.4945
   -2.2631    2.6583    8.0204
   -0.8942    1.8436    7.3695
   -0.5621   -0.0762    6.6865
   -1.4004   -1.0915    6.7885
   -3.4454   -0.9515    7.5347
   -4.2413    0.4801    8.2458
   -5.9827    1.5628    8.5025
   -6.9464    3.3963    8.8957
   -8.9066    4.3362    8.4081
   -9.7602    6.0867    8.0746

  -14.5542    8.1642    5.5711
  -13.2811    8.1329    5.7427
  -14.8672   10.0679    4.9001
  -13.2883   10.1961    5.1656
  -14.3746   12.2251    3.8724
  -13.0473   11.8246    4.5542
  -12.2854   13.8565    3.3377
  -11.8980   13.1607    4.0667
   -9.9676   14.4191    3.0507
   -9.6651   13.7752    4.3273
   -7.5474   14.4614    2.2990
   -7.0912   14.1148    3.7612
   -4.7545   14.5162    2.7732
   -4.4422   13.8987    4.0483
   -2.2251   14.0916    2.3871
   -2.1684   12.9441    3.4908
   -0.0402   13.1363    2.5070
   -0.6836   11.9534    3.3630
    1.4528   11.3996    2.5492
    0.3993   10.5234    3.6203
    2.0460    9.8277    2.7704
    1.1294    9.1112    3.3344
    2.5652    8.1874    2.6380
    1.5751    7.7006    3.4063
    2.5729    6.4436    2.6306
    1.5803    6.6042    3.3909
    2.1042    4.7356    2.8817
    1.3632    5.3716    3.3926
    1.3992    3.5211    2.9427
    0.6141    4.2728    3.7638
    0.3889    1.9078    2.9376
   -0.4522    2.8310    3.6616
   -1.1969    0.5011    2.5967
   -1.7791    1.8199    3.7792
   -3.5157    0.2182    2.4956
   -3.4237    1.0029    3.3500
   -6.1977    0.0714    2.1323
   -5.9178    0.5311    3.7236
   -8.7998    0.3467    2.7364
   -8.3622    0.7549    3.5471
  -11.4026    0.9490    3.3295
  -10.9822    1.4046    4.0583
  -13.5054    2.1473    2.9629
  -12.7332    2.5033    4.0027
  -15.0560    3.7865    3.4704
  -13.7760    3.9742    4.4960
  -15.1206    5.9934    4.8737
  -13.7653    5.6925    4.9501
  -14.5249    7.7257    5.4273
  -13.3751    7.6640    5.5626
  -12.9885    8.8541    5.5649
   -8.9251   13.7307    4.6209
   -3.7078   13.4961    3.9636
   -0.2576   10.9440    4.2305
    1.0748    8.7676    3.7109
    0.6595    4.4777    4.0174
   -1.1158    2.4374    3.6327
   -4.9052    0.7053    3.5422
  -10.1629    1.4399    4.2278
  -13.0279    6.7206    5.5990
  -10.4720    8.6111    6.9724
   -8.5464    9.7319    7.1506
   -6.7681    8.6900    7.2922
   -4.7735    9.5783    7.0599
   -3.2733    8.4239    6.4634
   -1.4811    8.8215    5.9054
   -0.7594    7.3623    5.7247
   -0.7848    6.1244    5.5119
   -2.0372    4.6815    5.9261
   -3.5414    5.3696    6.4715
   -5.2463    4.6102    7.0005
   -7.0233    5.8229    7.1366
   -9.0302    5.1309    6.8941
  -10.6056    6.4057    6.9236

  -12.8711   12.2111    6.8117
  -11.8918   11.4178    7.1047
  -11.0785   14.0421    5.6787
   -9.8783   12.7053    6.6262
   -8.9008   14.8393    4.7695
   -8.2801   13.6308    5.3419
   -6.2907   14.5506    4.2359
   -5.9578   13.6307    5.2608
   -4.1715   13.2183    3.9800
   -4.4331   12.4147    5.3019
   -2.2425   11.3182    3.6029
   -2.3786   10.9272    5.2252
   -0.2868    9.5832    3.3126
   -0.5451    9.0660    5.3073
    1.7131    7.5119    3.7288
    0.7833    6.7356    5.3542
    2.8379    5.0371    3.6854
    1.1913    4.8567    5.6101
    2.9864    2.7656    4.1520
    1.3877    2.9164    5.9979
    2.5493    0.9181    4.4411
    1.1427    0.8904    5.8968
    1.8859   -1.1186    4.4053
    0.8561   -0.8966    5.8673
    0.7339   -2.8126    5.0273
    0.0779   -2.0374    6.0089
   -1.2633   -3.8944    5.3726
   -1.2625   -2.9353    5.8545
   -3.1211   -4.4149    5.2726
   -3.0805   -2.9983    6.0849
   -5.2315   -4.8072    5.7430
   -5.1152   -3.0648    6.7407
   -7.6311   -4.5536    5.1968
   -7.0037   -2.7556    6.4459
   -9.9825   -3.1462    5.4145
   -8.8831   -2.1837    7.0943
  -11.7088   -1.1484    5.3638
  -11.0464   -0.7189    6.5870
  -13.5116    0.9433    5.2865
  -12.5435    0.9969    7.0872
  -15.0043    3.0609    4.8740
  -13.9345    3.3337    6.8419
  -16.0110    5.5102    5.2321
  -15.0477    5.5136    6.3775
  -16.1700    8.1811    5.8920
  -14.9215    7.5557    6.1994
  -15.0748   10.5967    6.0931
  -13.8827    9.2443    7.0374
  -13.1426   11.8225    6.9172
  -12.1838   11.1971    7.2970
  -10.7698   11.7606    7.0328
   -3.9147   11.8651    5.6703
    0.1535    7.8929    5.3576
    1.0618    3.9770    6.3223
    0.9188    0.4116    5.9768
   -2.4362   -2.6528    6.3493
   -5.8238   -2.7742    6.6361
   -9.7843   -1.4496    6.9346
  -13.3467    2.7259    7.1528
  -12.7026    9.9254    7.6607
   -8.8316   10.0193    8.8339
   -6.6679    9.2188    8.9891
   -5.7848    7.1004    9.8567
   -3.6323    5.9646    9.3577
   -2.8202    4.1605    9.2448
   -1.2746    3.1066    8.7214
   -1.3160    0.8447    8.1587
   -2.3800   -0.2180    8.0778
   -4.6127    0.0125    8.9138
   -5.3805    1.8121    9.7128
   -6.9279    2.7543    9.9100
   -8.0045    5.0066   10.2740
  -10.0634    5.9919    9.7973
  -10.9685    8.0153    8.8539
